GaitTrackWalker2d-v0, 0.3095771513, 0.4541000107, 0.5736569353, 0.3998027576
GaitTrackWalker2d-v0, 0.3095771513, 0.4541000107, 0.5736569353, 0.3998027576
GaitTrackWalker2d-v0, 0.3095771513, 0.4541000107, 0.5736569353, 0.3998027576
GaitTrackWalker2d-v0, 1.196128411, 0.352747396, 0.9910221983, 0.1189438778
GaitTrackWalker2d-v0, 1.196128411, 0.352747396, 0.9910221983, 0.1189438778
GaitTrackWalker2d-v0, 1.196128411, 0.352747396, 0.9910221983, 0.1189438778
GaitTrackWalker2d-v0, 1.191171007, 0.477278598, 0.9992654, 0.331950957
GaitTrackWalker2d-v0, 1.191171007, 0.477278598, 0.9992654, 0.331950957
GaitTrackWalker2d-v0, 1.191171007, 0.477278598, 0.9992654, 0.331950957
GaitTrackWalker2d-v0, 0.4191104093, 0.5680435814, 0.5770585222, 0.399611018
GaitTrackWalker2d-v0, 0.4191104093, 0.5680435814, 0.5770585222, 0.399611018
GaitTrackWalker2d-v0, 0.4191104093, 0.5680435814, 0.5770585222, 0.399611018
GaitTrackHumanoid-v0, 0.1879043786, 0.1580637, 0.3190048835, 0.1171709133
GaitTrackHumanoid-v0, 0.1879043786, 0.1580637, 0.3190048835, 0.1171709133
GaitTrackHumanoid-v0, 0.1879043786, 0.1580637, 0.3190048835, 0.1171709133
GaitTrackHumanoid-v0, 0.1707540411, 0.1565512947, 0.0906771194, 0.1435185414
GaitTrackHumanoid-v0, 0.1707540411, 0.1565512947, 0.0906771194, 0.1435185414
GaitTrackHumanoid-v0, 0.1707540411, 0.1565512947, 0.0906771194, 0.1435185414
GaitTrackHumanoid-v0, 0.1736317222, 0.1542891662, 0.309699083, 0.08175951621
GaitTrackHumanoid-v0, 0.1736317222, 0.1542891662, 0.309699083, 0.08175951621
GaitTrackHumanoid-v0, 0.1736317222, 0.1542891662, 0.309699083, 0.08175951621
GaitTrackHumanoid-v0, 0.2075006043, 0.1505169416, 0.3188156766, 0.1305210907
GaitTrackHumanoid-v0, 0.2075006043, 0.1505169416, 0.3188156766, 0.1305210907
GaitTrackHumanoid-v0, 0.2075006043, 0.1505169416, 0.3188156766, 0.1305210907
GaitTrackHalfCheetah36-v0, 0.2804948607, 0.2891267104, 0.09600312348, 0.2642403201, 0.06723602974, 0.1357626609
GaitTrackHalfCheetah36-v0, 0.2804948607, 0.2891267104, 0.09600312348, 0.2642403201, 0.06723602974, 0.1357626609
GaitTrackHalfCheetah36-v0, 0.2804948607, 0.2891267104, 0.09600312348, 0.2642403201, 0.06723602974, 0.1357626609
GaitTrackHalfCheetah36-v0, 0.2579936715, 0.2596135024, 0.1869308001, 0.2603110757, 0.05567364011, 0.1384232529
GaitTrackHalfCheetah36-v0, 0.2579936715, 0.2596135024, 0.1869308001, 0.2603110757, 0.05567364011, 0.1384232529
GaitTrackHalfCheetah36-v0, 0.2579936715, 0.2596135024, 0.1869308001, 0.2603110757, 0.05567364011, 0.1384232529
GaitTrackHalfCheetah36-v0, 0.2894899234, 0.2638054931, 0.1774933055, 0.2638673803, 0.08191174449, 0.1295027347
GaitTrackHalfCheetah36-v0, 0.2894899234, 0.2638054931, 0.1774933055, 0.2638673803, 0.08191174449, 0.1295027347
GaitTrackHalfCheetah36-v0, 0.2894899234, 0.2638054931, 0.1774933055, 0.2638673803, 0.08191174449, 0.1295027347
GaitTrackHalfCheetah36-v0, 0.2824756407, 0.09939216916, 0.1607082915, 0.2357189894, 0.05541712813, 0.1317213601
GaitTrackHalfCheetah36-v0, 0.2824756407, 0.09939216916, 0.1607082915, 0.2357189894, 0.05541712813, 0.1317213601
GaitTrackHalfCheetah36-v0, 0.2824756407, 0.09939216916, 0.1607082915, 0.2357189894, 0.05541712813, 0.1317213601
